0 0.304328 0.263302 0.019068 0.014085
0 0.344431 0.489437 0.009685 0.021909
0 0.393160 0.795579 0.018160 0.013693
0 0.645732 0.471831 0.008777 0.021127
0 0.706870 0.471244 0.008777 0.021518
0 0.431901 0.794210 0.018160 0.012520
0 0.768765 0.470657 0.009080 0.021909
0 0.783596 0.363459 0.010896 0.026604
0 0.614709 0.471831 0.009685 0.021127
0 0.546005 0.682903 0.018765 0.024648
0 0.321277 0.489437 0.008777 0.021909
0 0.784050 0.262715 0.010593 0.026213
0 0.503178 0.581768 0.019068 0.026604
0 0.478360 0.059468 0.035412 0.040689
0 0.504086 0.684077 0.017857 0.025430
0 0.283444 0.681338 0.008777 0.023083
0 0.544946 0.581768 0.017252 0.022692
0 0.346096 0.680751 0.008172 0.022692
0 0.868039 0.056534 0.032082 0.043427
0 0.782839 0.313772 0.013015 0.028951
0 0.842615 0.309468 0.008475 0.022692
0 0.074153 0.054382 0.035109 0.044601
0 0.397397 0.248435 0.042978 0.062598
0 0.261047 0.262911 0.022094 0.024257
0 0.214740 0.249609 0.040254 0.054773
0 0.227149 0.491197 0.009988 0.023865
0 0.250303 0.491002 0.009685 0.024257
0 0.273910 0.490610 0.010291 0.024257
0 0.297669 0.489828 0.011804 0.023474
0 0.251967 0.590767 0.020884 0.027387
0 0.299637 0.590767 0.021186 0.025822
0 0.346096 0.589789 0.022094 0.025430
0 0.250908 0.631847 0.023002 0.035211
0 0.298729 0.627934 0.021186 0.040689
0 0.345036 0.627347 0.023002 0.039515
0 0.251362 0.681729 0.009988 0.023865
0 0.299031 0.681142 0.009685 0.023474
0 0.314467 0.680751 0.010291 0.022692
0 0.361531 0.680556 0.011199 0.022300
0 0.376665 0.680556 0.009383 0.023083
0 0.330357 0.681338 0.009988 0.023083
0 0.267100 0.682121 0.010593 0.023083
0 0.570975 0.748826 0.021489 0.028169
0 0.601998 0.748826 0.020581 0.028169
0 0.723820 0.742567 0.018462 0.029734
0 0.724576 0.782473 0.018160 0.029734
0 0.437954 0.533842 0.010896 0.023083
0 0.472912 0.533646 0.009383 0.022692
0 0.442948 0.502739 0.023305 0.022692
0 0.478208 0.502934 0.022397 0.022300
0 0.628178 0.790297 0.019673 0.026604
0 0.663590 0.790102 0.020278 0.025430
0 0.824758 0.538928 0.018765 0.021518
0 0.862591 0.538732 0.021186 0.025039
0 0.555085 0.280321 0.022397 0.028560
0 0.556144 0.330399 0.022094 0.027778
0 0.555690 0.380477 0.021792 0.030125
0 0.860472 0.259194 0.010291 0.023865
0 0.823245 0.424491 0.019370 0.026604
0 0.842464 0.424100 0.019673 0.028169
0 0.860775 0.422535 0.018765 0.029734
0 0.675999 0.471831 0.009988 0.022692
0 0.738196 0.471049 0.008475 0.022692
0 0.767554 0.426643 0.019976 0.026995
0 0.706114 0.427426 0.020581 0.026995
0 0.643311 0.428013 0.021489 0.027387
0 0.620763 0.516236 0.021792 0.024648
0 0.651180 0.515649 0.022094 0.024257
0 0.682506 0.515454 0.021792 0.023865
0 0.712924 0.515258 0.021489 0.023474
0 0.743795 0.516041 0.022094 0.025822
0 0.775424 0.515454 0.021186 0.024648
0 0.823245 0.359351 0.010896 0.023865
0 0.347155 0.262715 0.019976 0.016041