0 0.131515 0.608431 0.021818 0.018431
0 0.118788 0.702549 0.021212 0.018431
0 0.144091 0.495686 0.021515 0.018039
0 0.232879 0.223529 0.020909 0.014902
0 0.535152 0.450392 0.010909 0.027843
0 0.321818 0.472549 0.020000 0.016471
0 0.661212 0.802353 0.020000 0.014902
0 0.463636 0.451176 0.010909 0.026275
0 0.409545 0.668627 0.022121 0.032941
0 0.694697 0.596471 0.020909 0.025098
0 0.635000 0.448039 0.010606 0.026275
0 0.322424 0.510588 0.020606 0.016471
0 0.895606 0.527843 0.012424 0.030588
0 0.893939 0.378431 0.010909 0.029020
0 0.323939 0.659216 0.020000 0.014118
0 0.536515 0.292157 0.009394 0.019608
0 0.599091 0.448431 0.011515 0.023922
0 0.456667 0.601176 0.028485 0.026667
0 0.822576 0.529020 0.012424 0.029020
0 0.325152 0.696667 0.020000 0.016078
0 0.493939 0.599216 0.023636 0.025882
0 0.789697 0.194118 0.019394 0.012549
0 0.598788 0.328431 0.014545 0.020000
0 0.170606 0.215686 0.073333 0.115294
0 0.350000 0.214902 0.071515 0.111373
0 0.290455 0.222745 0.027576 0.029804
0 0.262879 0.258431 0.023333 0.018824
0 0.205000 0.296863 0.026364 0.021176
0 0.263485 0.299020 0.026364 0.028627
0 0.206212 0.334706 0.026364 0.020000
0 0.263485 0.336863 0.028788 0.024314
0 0.206818 0.371765 0.027576 0.019608
0 0.263333 0.373137 0.024242 0.025490
0 0.208788 0.493137 0.036364 0.042745
0 0.208788 0.604314 0.036364 0.045490
0 0.211364 0.698235 0.035455 0.041176
0 0.265909 0.475490 0.027576 0.029412
0 0.266364 0.587255 0.026667 0.029412
0 0.268939 0.680980 0.025758 0.029412
0 0.323485 0.565294 0.023939 0.019216
0 0.323333 0.602549 0.023636 0.019216
0 0.503939 0.257451 0.023636 0.027059
0 0.504545 0.293922 0.024848 0.025490
0 0.505455 0.331961 0.024848 0.027059
0 0.536667 0.328627 0.012121 0.020392
0 0.536212 0.374902 0.020909 0.030588
0 0.500000 0.450000 0.013939 0.027059
0 0.467727 0.527059 0.020909 0.032157
0 0.502576 0.525098 0.020909 0.028235
0 0.537727 0.523725 0.019697 0.033333
0 0.631970 0.193137 0.031818 0.124314
0 0.529697 0.598039 0.027879 0.028235
0 0.452879 0.695098 0.024545 0.031765
0 0.493030 0.729804 0.021818 0.016471
0 0.493485 0.767059 0.020909 0.016471
0 0.493939 0.804902 0.021818 0.017647
0 0.600303 0.373529 0.021818 0.030980
0 0.602121 0.523137 0.021818 0.032157
0 0.595303 0.596863 0.025758 0.028235
0 0.637879 0.523725 0.020000 0.030980
0 0.628939 0.596863 0.030000 0.028235
0 0.689394 0.232941 0.027879 0.116863
0 0.748030 0.269608 0.025758 0.118039
0 0.701364 0.372941 0.019697 0.029804
0 0.700758 0.446667 0.014848 0.028235
0 0.735606 0.446078 0.013030 0.027059
0 0.703939 0.521176 0.018788 0.030588
0 0.739091 0.520588 0.020000 0.029412
0 0.730152 0.595098 0.027576 0.027059
0 0.789697 0.157255 0.021818 0.016471
0 0.791061 0.231765 0.020909 0.016471
0 0.818030 0.268235 0.020909 0.030588
0 0.853636 0.267059 0.023030 0.030588
0 0.889697 0.267059 0.021818 0.030588
0 0.820909 0.380000 0.012727 0.030588
0 0.815455 0.453922 0.026061 0.027059
0 0.887727 0.452549 0.025758 0.026667
0 0.661212 0.726667 0.020606 0.018039