0 0.643030 0.267451 0.018788 0.024314
0 0.360303 0.475882 0.018788 0.023922
0 0.504545 0.465686 0.010303 0.022353
0 0.646818 0.393137 0.010606 0.027059
0 0.840152 0.346275 0.011212 0.026667
0 0.749091 0.703137 0.023030 0.018039
0 0.748485 0.342353 0.021212 0.014118
0 0.696061 0.396275 0.015758 0.020784
0 0.211818 0.434118 0.023030 0.017255
0 0.697879 0.342549 0.016364 0.020000
0 0.703030 0.703725 0.021818 0.017647
0 0.258333 0.499804 0.023333 0.028627
0 0.350455 0.756078 0.023939 0.030588
0 0.489394 0.437647 0.025455 0.027451
0 0.748182 0.396863 0.021212 0.013333
0 0.397121 0.697451 0.022727 0.029412
0 0.783939 0.261373 0.023636 0.036471
0 0.211667 0.357843 0.023939 0.016863
0 0.714848 0.450784 0.023030 0.028627
0 0.799394 0.452941 0.025455 0.033725
0 0.378485 0.573529 0.022424 0.030196
0 0.695758 0.572353 0.025455 0.035686
0 0.659848 0.519216 0.010606 0.022745
0 0.529091 0.484706 0.013939 0.019608
0 0.248182 0.595098 0.015758 0.019216
0 0.821212 0.518627 0.026667 0.030980
0 0.719697 0.293922 0.020606 0.012941
0 0.292424 0.635294 0.023030 0.026667
0 0.292879 0.570784 0.025758 0.030980
0 0.682879 0.293333 0.025758 0.029804
0 0.250152 0.358039 0.022727 0.019608
0 0.209242 0.260784 0.022727 0.027451
0 0.687273 0.448235 0.024848 0.025882
0 0.295606 0.763529 0.025152 0.023529
0 0.311212 0.265098 0.040606 0.025882
0 0.366667 0.264706 0.040000 0.026667
0 0.426667 0.224118 0.027273 0.026275
0 0.460303 0.222941 0.026667 0.027059
0 0.504091 0.258039 0.026970 0.032157
0 0.458182 0.258039 0.024848 0.027451
0 0.457576 0.298431 0.027273 0.029804
0 0.458485 0.340392 0.029091 0.025882
0 0.250606 0.428235 0.029091 0.026667
0 0.199394 0.504314 0.026061 0.018824
0 0.227273 0.504314 0.026061 0.020392
0 0.292576 0.504314 0.028182 0.021961
0 0.185152 0.642353 0.029091 0.065098
0 0.292879 0.702941 0.027576 0.018431
0 0.351818 0.633137 0.023636 0.030196
0 0.552121 0.258824 0.027879 0.027451
0 0.594848 0.258039 0.028485 0.029020
0 0.595455 0.301961 0.026061 0.029020
0 0.568182 0.332549 0.015152 0.035294
0 0.552424 0.362353 0.023636 0.018039
0 0.607727 0.418431 0.042121 0.030588
0 0.561818 0.443137 0.026667 0.017255
0 0.605152 0.452941 0.034545 0.032157
0 0.663636 0.522549 0.022424 0.036471
0 0.753182 0.491569 0.040303 0.129804
0 0.557576 0.507451 0.032727 0.042353
0 0.525606 0.437647 0.026364 0.029804
0 0.454848 0.467843 0.025455 0.018039
0 0.455758 0.413725 0.024848 0.019608
0 0.425758 0.409020 0.027879 0.025882
0 0.423636 0.461569 0.026061 0.029020
0 0.406212 0.384706 0.029394 0.019608
0 0.368182 0.352157 0.026061 0.021176
0 0.317576 0.316471 0.016970 0.036078
0 0.335455 0.398431 0.022424 0.037647
0 0.236061 0.764706 0.052121 0.073725
0 0.845303 0.269020 0.080909 0.066667
0 0.181818 0.268235 0.023636 0.046275
0 0.176970 0.354510 0.015152 0.036863
0 0.177576 0.436078 0.013939 0.047059
0 0.175758 0.504706 0.012727 0.043137
0 0.177273 0.578039 0.014545 0.043137
0 0.487727 0.598039 0.064545 0.026667
0 0.576667 0.598431 0.084242 0.029020
0 0.523485 0.637647 0.114242 0.054118
0 0.524697 0.702549 0.114242 0.060000
0 0.647121 0.344706 0.049394 0.043922
0 0.571515 0.384706 0.012121 0.014902
0 0.366061 0.292941 0.026667 0.028235
0 0.720909 0.598824 0.015758 0.020392
0 0.249697 0.259216 0.028485 0.031373