0 0.170303 0.551961 0.030909 0.037255
0 0.218485 0.551373 0.026061 0.038431
0 0.200606 0.634706 0.026061 0.030980
0 0.237879 0.634118 0.023030 0.029804
0 0.355455 0.266078 0.027879 0.035686
0 0.496061 0.269412 0.026667 0.032157
0 0.332727 0.357843 0.051515 0.029412
0 0.540303 0.264902 0.026061 0.041176
0 0.665455 0.321961 0.041818 0.086275
0 0.707273 0.323725 0.029697 0.087451
0 0.741970 0.322549 0.033636 0.085098
0 0.780152 0.323137 0.034848 0.088627
0 0.816970 0.322549 0.030909 0.089804
0 0.726970 0.467059 0.015758 0.034510
0 0.756818 0.466471 0.016061 0.033333
0 0.787121 0.465882 0.019091 0.032157
0 0.666364 0.510000 0.063636 0.033333
0 0.768182 0.508824 0.054545 0.030980
0 0.736061 0.551961 0.027879 0.027059
0 0.651515 0.556471 0.029697 0.036078
0 0.778636 0.658431 0.045758 0.098824
0 0.689697 0.662549 0.046667 0.093725
0 0.602424 0.663725 0.046667 0.093725
0 0.516061 0.686078 0.024848 0.041176
0 0.525455 0.390588 0.023636 0.030588
0 0.409697 0.579412 0.024848 0.023137
0 0.411667 0.611569 0.022727 0.023137
0 0.346212 0.696275 0.028788 0.041176
0 0.382879 0.695882 0.028788 0.037255
0 0.423636 0.694510 0.024848 0.040000
0 0.221364 0.688039 0.031818 0.021569
0 0.295455 0.494118 0.020606 0.040000
0 0.321818 0.494706 0.020000 0.038824
0 0.350000 0.499804 0.032727 0.051373
0 0.347121 0.493333 0.020909 0.036078
0 0.572576 0.393922 0.028788 0.039608
0 0.275606 0.596275 0.052424 0.030980