0 0.365543 0.739665 0.037342 0.048068
0 0.354805 0.652241 0.037821 0.048841
0 0.693622 0.293996 0.021102 0.032733
0 0.593495 0.265299 0.023997 0.028095
0 0.286853 0.734192 0.040594 0.040701
0 0.530450 0.472610 0.040740 0.037447
0 0.594193 0.478762 0.023936 0.027989
0 0.694831 0.452966 0.021315 0.031909
0 0.284202 0.644836 0.041081 0.043023
0 0.529559 0.411302 0.041706 0.041909
0 0.386642 0.458289 0.024319 0.030580
0 0.526744 0.259616 0.041270 0.041096
0 0.420597 0.585507 0.040768 0.061701
0 0.340409 0.508452 0.040295 0.030790
0 0.476161 0.580648 0.042350 0.064216
0 0.525835 0.200309 0.041772 0.040681
0 0.387274 0.509149 0.023479 0.027085
0 0.339779 0.457050 0.040905 0.033115
0 0.196524 0.273084 0.080569 0.144142
0 0.691754 0.376552 0.093460 0.114172
0 0.808310 0.270943 0.116019 0.162694
0 0.809921 0.475025 0.112796 0.174112
0 0.613871 0.528543 0.045119 0.035679
0 0.660063 0.525689 0.042970 0.041387
