0 0.250622 0.408668 0.022320 0.024971
0 0.497779 0.366498 0.010230 0.019946
0 0.327767 0.364063 0.010457 0.019971
0 0.453835 0.511758 0.010097 0.019299
0 0.416061 0.383755 0.010450 0.019686
0 0.453325 0.382893 0.010061 0.019891
0 0.251889 0.497042 0.022448 0.024861
0 0.160042 0.301607 0.009803 0.020219
0 0.194515 0.437564 0.009929 0.020144
0 0.135695 0.380976 0.009780 0.019835
0 0.416889 0.512752 0.010268 0.019862
0 0.311167 0.492109 0.015476 0.012622
0 0.480307 0.477644 0.015711 0.012784
0 0.690634 0.409580 0.011938 0.016078
0 0.861253 0.469951 0.015266 0.016579
0 0.159894 0.437318 0.009207 0.019142
0 0.755831 0.505810 0.015487 0.016471
0 0.220010 0.408033 0.015810 0.012649
0 0.480107 0.417945 0.015169 0.012027
0 0.388285 0.418155 0.015850 0.011864
0 0.280933 0.491098 0.014836 0.014803
0 0.754980 0.424282 0.015724 0.016769
0 0.279106 0.402625 0.014597 0.015387
0 0.221241 0.496695 0.016047 0.012929
0 0.309639 0.403366 0.014905 0.012624
0 0.860401 0.595937 0.022002 0.017579
0 0.388406 0.478341 0.015715 0.012477
0 0.690920 0.491780 0.012484 0.016679
0 0.720713 0.476991 0.030969 0.035712
0 0.690730 0.332844 0.012251 0.016715
0 0.755890 0.347397 0.015325 0.015469
0 0.805713 0.456095 0.012389 0.016317
0 0.158294 0.226123 0.038236 0.064448
0 0.720931 0.318387 0.031285 0.035859
0 0.720554 0.395737 0.030844 0.036040
0 0.721352 0.508357 0.022040 0.025397
0 0.755732 0.353956 0.016725 0.029633
0 0.720509 0.426482 0.021869 0.024225
0 0.432421 0.420713 0.064683 0.031116
0 0.433261 0.476278 0.064683 0.037784
0 0.721815 0.351812 0.025201 0.022226
