0 0.617402 0.754335 0.027281 0.032173
0 0.320149 0.228255 0.027558 0.032105
0 0.674231 0.375142 0.027601 0.032552
0 0.240228 0.691672 0.039992 0.025536
0 0.675556 0.178845 0.028114 0.020237
0 0.670749 0.309927 0.043394 0.057582
0 0.321086 0.376379 0.027808 0.032707
0 0.175499 0.226382 0.028173 0.032773
0 0.675664 0.226416 0.027126 0.032000
0 0.674052 0.435712 0.029189 0.018987
0 0.716980 0.694256 0.040160 0.025202
0 0.386706 0.752370 0.027662 0.032176
0 0.532795 0.376089 0.027562 0.032430
0 0.533932 0.227267 0.027217 0.032595
0 0.175394 0.376070 0.028040 0.032592
0 0.534955 0.180790 0.027593 0.019131
0 0.171124 0.308644 0.043535 0.056766
0 0.532979 0.437147 0.028135 0.019367
0 0.528694 0.309810 0.043513 0.056749
0 0.175489 0.436596 0.028721 0.018924
0 0.603074 0.106092 0.022223 0.015928
0 0.175080 0.179953 0.027425 0.018202
0 0.338326 0.836846 0.036438 0.017291
0 0.317886 0.311016 0.044118 0.058009
0 0.320780 0.437402 0.028605 0.019339
0 0.320595 0.180635 0.028609 0.018250
0 0.604197 0.141390 0.023340 0.027523
0 0.607304 0.520081 0.027472 0.031807
0 0.385724 0.694799 0.034895 0.030299
0 0.451744 0.639865 0.041424 0.020366
0 0.308572 0.619462 0.041448 0.019670
0 0.536864 0.559437 0.041521 0.019980
0 0.417626 0.504383 0.037740 0.028746
0 0.795925 0.358522 0.029557 0.018688
0 0.787827 0.408976 0.045601 0.035334
0 0.355170 0.620347 0.025191 0.022766
0 0.616696 0.695146 0.035825 0.030787
0 0.338373 0.861998 0.037164 0.018079
0 0.608489 0.545992 0.027077 0.018745
0 0.751878 0.697996 0.022850 0.026785
0 0.349934 0.693653 0.030261 0.034936
0 0.203311 0.694236 0.026687 0.028345
0 0.650213 0.697174 0.032059 0.035979
0 0.180198 0.856091 0.147601 0.090975
0 0.323406 0.133726 0.082586 0.042093
0 0.178441 0.133047 0.094886 0.043451
0 0.532507 0.133726 0.093129 0.044808
0 0.677473 0.135084 0.087858 0.044808
0 0.745123 0.126937 0.033386 0.069249
0 0.389299 0.124900 0.042172 0.067891
0 0.248727 0.124221 0.049200 0.071965
