0 0.443287 0.346832 0.040790 0.053169
0 0.443663 0.427986 0.041440 0.053247
0 0.250284 0.382421 0.039014 0.050488
0 0.205842 0.248879 0.010607 0.015654
0 0.337532 0.404126 0.015005 0.025162
0 0.344769 0.241621 0.009938 0.014969
0 0.503121 0.412882 0.013568 0.011709
0 0.431910 0.747286 0.007287 0.013171
0 0.253038 0.747335 0.007264 0.013461
0 0.386474 0.747570 0.007374 0.013031
0 0.780955 0.747660 0.007259 0.013260
0 0.566325 0.747300 0.007325 0.013599
0 0.697705 0.747297 0.007265 0.013659
0 0.298620 0.747385 0.007738 0.013275
0 0.703775 0.412782 0.013493 0.011081
0 0.566263 0.597400 0.007235 0.013355
0 0.294103 0.336791 0.010297 0.009708
0 0.406095 0.426731 0.013268 0.010709
0 0.222889 0.327722 0.011555 0.027763
0 0.431845 0.597276 0.007444 0.013140
0 0.520906 0.597282 0.007548 0.013159
0 0.501681 0.332511 0.013518 0.012097
0 0.641717 0.597271 0.007060 0.013369
0 0.652241 0.747305 0.007613 0.013327
0 0.283043 0.365989 0.010682 0.009465
0 0.520962 0.747501 0.007085 0.012818
0 0.558930 0.374758 0.008473 0.016989
0 0.687175 0.597429 0.007660 0.013124
0 0.332682 0.296851 0.061331 0.056573
0 0.593168 0.412894 0.013902 0.010813
0 0.826160 0.747265 0.007611 0.013546
0 0.386468 0.597493 0.007170 0.012927
0 0.406137 0.346567 0.013514 0.010217
0 0.703712 0.332375 0.013389 0.010900
0 0.800274 0.770162 0.010584 0.009569
0 0.671125 0.770305 0.009932 0.009832
0 0.592975 0.332596 0.013471 0.010577
0 0.242317 0.337045 0.010260 0.009406
0 0.780163 0.597608 0.007164 0.013315
0 0.306385 0.366626 0.010645 0.009414
0 0.650218 0.770135 0.011051 0.009736
0 0.258369 0.336540 0.010497 0.010216
0 0.310636 0.369630 0.024828 0.015556
0 0.652737 0.332311 0.071682 0.061367
0 0.651634 0.412231 0.071682 0.064221
0 0.806577 0.642714 0.081607 0.037106
0 0.668176 0.645569 0.076093 0.037106
0 0.545766 0.646996 0.071682 0.037106
0 0.410122 0.646996 0.071682 0.042814
0 0.275582 0.798987 0.073887 0.035679
0 0.411225 0.799700 0.069476 0.037106
0 0.545766 0.798273 0.071682 0.039960
0 0.675344 0.799700 0.072784 0.034251
0 0.806025 0.799700 0.073887 0.042814
0 0.254989 0.252753 0.013777 0.010322
0 0.823108 0.598542 0.008701 0.016891
0 0.799543 0.615902 0.013777 0.012199
0 0.776339 0.614025 0.012327 0.008445
0 0.777789 0.771202 0.012327 0.009384
0 0.272392 0.771202 0.013777 0.013137
0 0.249551 0.771672 0.015952 0.012199
0 0.205312 0.337657 0.015408 0.011730
