0 0.541519 0.313056 0.015114 0.016881
0 0.545698 0.525342 0.028854 0.033494
0 0.207877 0.381489 0.015128 0.016912
0 0.486785 0.379884 0.014405 0.016411
0 0.268981 0.378889 0.014140 0.016653
0 0.486840 0.311468 0.014331 0.016288
0 0.491110 0.628612 0.017952 0.017600
0 0.541864 0.380775 0.015100 0.017277
0 0.759829 0.767085 0.041249 0.019850
0 0.771405 0.734246 0.019242 0.019272
0 0.668409 0.348190 0.034321 0.019059
0 0.349444 0.379420 0.013969 0.016916
0 0.405127 0.380308 0.015209 0.017115
0 0.747374 0.347411 0.040184 0.020865
0 0.593420 0.630065 0.018037 0.018199
0 0.492169 0.671320 0.016273 0.017407
0 0.380723 0.627517 0.017330 0.017865
0 0.724977 0.630498 0.018748 0.017783
0 0.622823 0.564324 0.014935 0.017043
0 0.612026 0.347316 0.038990 0.019918
0 0.485492 0.513616 0.017561 0.017305
0 0.269136 0.311531 0.014256 0.017149
0 0.759903 0.313605 0.014890 0.017163
0 0.199525 0.421110 0.032485 0.017621
0 0.759643 0.382823 0.014731 0.016450
0 0.377039 0.448762 0.015038 0.016418
0 0.404562 0.311714 0.015091 0.017004
0 0.159734 0.380750 0.014681 0.016882
0 0.624086 0.313542 0.014226 0.016819
0 0.678281 0.382192 0.014509 0.016857
0 0.605485 0.431228 0.022171 0.012648
0 0.348954 0.312182 0.013714 0.016797
0 0.719504 0.515547 0.017144 0.017959
0 0.486256 0.471558 0.014858 0.016657
0 0.694752 0.430849 0.021962 0.012086
0 0.726749 0.672374 0.015326 0.016583
0 0.678270 0.313921 0.014496 0.016076
0 0.719928 0.474439 0.014351 0.016824
0 0.533185 0.347308 0.032800 0.018884
0 0.438774 0.563938 0.013816 0.016495
0 0.756457 0.522565 0.029909 0.036167
0 0.159730 0.466886 0.016774 0.015114
0 0.337073 0.344840 0.039840 0.020652
0 0.801151 0.583636 0.014192 0.016044
0 0.396159 0.344503 0.033567 0.019077
0 0.376423 0.470119 0.016656 0.017201
0 0.623333 0.382167 0.014305 0.017068
0 0.283102 0.635157 0.038110 0.020857
0 0.522995 0.830721 0.016938 0.016606
0 0.381376 0.670572 0.015465 0.017669
0 0.328866 0.828112 0.015983 0.014566
0 0.473134 0.345443 0.042978 0.020087
0 0.282762 0.661514 0.039034 0.021427
0 0.282637 0.605575 0.039282 0.021173
0 0.647317 0.767773 0.044750 0.019224
0 0.594882 0.671962 0.016666 0.018122
0 0.159879 0.421783 0.015742 0.016975
0 0.206656 0.467014 0.015610 0.014698
0 0.502801 0.831015 0.014452 0.014951
0 0.490971 0.562948 0.030758 0.034266
0 0.559826 0.772494 0.022006 0.013222
0 0.560280 0.811310 0.021346 0.013097
0 0.659770 0.733313 0.019436 0.017771
0 0.560013 0.791844 0.021515 0.012285
0 0.265319 0.344120 0.021419 0.019321
0 0.364164 0.790880 0.021510 0.011449
0 0.727257 0.565037 0.032375 0.034841
0 0.150777 0.421663 0.035005 0.017448
0 0.363946 0.810083 0.021714 0.011170
0 0.363787 0.771653 0.021382 0.011592
0 0.254634 0.344052 0.043437 0.020162
0 0.186024 0.618485 0.049274 0.022623
0 0.568674 0.672479 0.016270 0.014404
0 0.308867 0.791641 0.076005 0.054682
0 0.504994 0.792654 0.071637 0.056707
0 0.329397 0.559751 0.143273 0.060757
