0 0.750551 0.440979 0.026541 0.031478
0 0.378207 0.286087 0.027140 0.032059
0 0.242799 0.741312 0.029813 0.028197
0 0.304428 0.465372 0.025631 0.030214
0 0.570447 0.638753 0.026976 0.031270
0 0.195190 0.443550 0.027252 0.031442
0 0.379030 0.443356 0.027041 0.031401
0 0.240469 0.384479 0.036771 0.022900
0 0.563405 0.441543 0.026529 0.031461
0 0.561583 0.284854 0.027176 0.031431
0 0.737762 0.335194 0.048850 0.033044
0 0.757774 0.637488 0.026889 0.031573
0 0.748299 0.284170 0.026840 0.031328
0 0.386097 0.640216 0.026691 0.031050
0 0.181415 0.338797 0.048552 0.032440
0 0.367713 0.337083 0.049117 0.032829
0 0.192054 0.287468 0.027259 0.031867
0 0.856334 0.462299 0.025639 0.031010
0 0.270411 0.498441 0.036624 0.018131
0 0.551178 0.336057 0.049410 0.033394
0 0.611845 0.382568 0.036293 0.023311
0 0.201311 0.640848 0.027267 0.031359
0 0.556817 0.149605 0.025713 0.028008
0 0.671845 0.463619 0.025436 0.031113
0 0.550651 0.198333 0.046732 0.029307
0 0.231029 0.618209 0.026073 0.031865
0 0.374064 0.151000 0.025618 0.028022
0 0.195097 0.742347 0.040544 0.028044
0 0.191258 0.153423 0.025620 0.027668
0 0.454665 0.498008 0.037432 0.018313
0 0.194126 0.682590 0.041187 0.031038
0 0.746379 0.147620 0.026048 0.027937
0 0.487436 0.464740 0.025303 0.030423
0 0.737256 0.197369 0.045307 0.029163
0 0.759019 0.576014 0.045689 0.038684
0 0.327857 0.383947 0.038270 0.023495
0 0.640142 0.496471 0.037150 0.017915
0 0.387771 0.578048 0.045571 0.038298
0 0.572198 0.576488 0.045871 0.038389
0 0.181740 0.200659 0.045761 0.029418
0 0.368013 0.199961 0.046015 0.029711
0 0.826202 0.495518 0.036751 0.018100
0 0.203043 0.578600 0.044333 0.037250
0 0.700076 0.381225 0.036992 0.022916
0 0.181098 0.243030 0.051699 0.024103
0 0.173280 0.119032 0.073361 0.041243
0 0.726294 0.115722 0.072884 0.044490
0 0.540233 0.117672 0.073225 0.042652
0 0.366941 0.241906 0.052147 0.024515
0 0.549785 0.240345 0.052174 0.022499
0 0.356970 0.118318 0.072408 0.042286
0 0.538779 0.240377 0.028615 0.020158
0 0.219278 0.881048 0.140361 0.077066
0 0.198376 0.613362 0.038036 0.020061
0 0.576415 0.498867 0.069784 0.047539
0 0.762812 0.498513 0.071621 0.049668
0 0.390477 0.499577 0.070702 0.048958
0 0.208211 0.501351 0.069784 0.045411
0 0.347110 0.881117 0.041268 0.025815
0 0.737801 0.240504 0.050107 0.022339
