0 0.279986 0.193777 0.032232 0.024231
0 0.515766 0.564741 0.021871 0.025141
0 0.280924 0.546815 0.021727 0.024834
0 0.343708 0.663179 0.039572 0.028643
0 0.515862 0.500317 0.022089 0.024885
0 0.443183 0.493745 0.022163 0.025079
0 0.280927 0.642281 0.021710 0.024492
0 0.343305 0.582171 0.039434 0.028553
0 0.280987 0.448990 0.021615 0.024384
0 0.443014 0.557691 0.022216 0.025400
0 0.342762 0.500066 0.038978 0.028447
0 0.342241 0.418320 0.039371 0.028578
0 0.717643 0.688132 0.034564 0.025227
0 0.718340 0.330013 0.035302 0.025923
0 0.585420 0.681617 0.045983 0.054722
0 0.584748 0.574988 0.044325 0.054400
0 0.585638 0.468928 0.046882 0.055571
0 0.585247 0.362394 0.046368 0.055615
0 0.350894 0.228885 0.124894 0.034908
