0 0.720173 0.690524 0.022744 0.025723
0 0.284934 0.244633 0.041738 0.029369
0 0.207552 0.702456 0.022561 0.025526
0 0.695236 0.271359 0.023053 0.025988
0 0.379827 0.455837 0.024391 0.028510
0 0.687439 0.561104 0.022854 0.026139
0 0.670750 0.651563 0.023134 0.025864
0 0.313788 0.655584 0.023070 0.025812
0 0.280341 0.440190 0.040837 0.029020
0 0.590117 0.497530 0.023665 0.027792
0 0.437255 0.246274 0.040700 0.028774
0 0.589867 0.458223 0.023852 0.027918
0 0.693436 0.371036 0.022363 0.025857
0 0.661074 0.689328 0.041697 0.028970
0 0.580957 0.246891 0.040689 0.028460
0 0.381560 0.282848 0.023521 0.025826
0 0.686926 0.234109 0.040365 0.028859
0 0.352543 0.364655 0.023026 0.025994
0 0.379767 0.497078 0.023751 0.028450
0 0.719090 0.652262 0.023417 0.028092
0 0.265319 0.655656 0.024354 0.028403
0 0.370287 0.245567 0.042482 0.028965
0 0.341943 0.401829 0.041028 0.028739
0 0.591038 0.284354 0.022209 0.025669
0 0.693091 0.602959 0.031519 0.026686
0 0.637729 0.370271 0.023497 0.026019
0 0.681794 0.444370 0.041938 0.028908
0 0.539427 0.813145 0.024255 0.026230
0 0.288750 0.542498 0.023152 0.026010
0 0.263960 0.693922 0.023097 0.026052
0 0.538122 0.773565 0.024973 0.028938
0 0.516773 0.247510 0.041261 0.028323
0 0.710695 0.788681 0.044107 0.030164
0 0.526720 0.284538 0.022813 0.025940
0 0.291266 0.366540 0.022954 0.025945
0 0.447366 0.283574 0.022512 0.025434
0 0.371276 0.535306 0.042202 0.029300
0 0.521983 0.421725 0.035946 0.016884
0 0.581644 0.536018 0.041765 0.029113
0 0.627566 0.407846 0.040758 0.028436
0 0.254937 0.766571 0.043442 0.030186
0 0.465816 0.421374 0.036380 0.016857
0 0.305105 0.693221 0.040866 0.029635
0 0.292867 0.281831 0.023152 0.025916
0 0.281029 0.404708 0.041710 0.030646
0 0.206345 0.664886 0.022938 0.027812
0 0.681939 0.408357 0.042829 0.029496
0 0.206683 0.738809 0.023050 0.027884
0 0.632967 0.478780 0.035746 0.018751
0 0.429781 0.386783 0.023329 0.026131
0 0.335188 0.476340 0.036523 0.019089
0 0.293661 0.584431 0.031654 0.026867
0 0.276154 0.156222 0.067060 0.039021
0 0.679038 0.160197 0.068637 0.039646
0 0.327850 0.584317 0.025963 0.032304
0 0.633933 0.598495 0.027223 0.032686
0 0.363821 0.847944 0.131787 0.077396
