0 0.396147 0.335103 0.020732 0.015283
0 0.681927 0.783532 0.016650 0.012749
0 0.645949 0.714264 0.021577 0.013559
0 0.367003 0.714849 0.021380 0.013425
0 0.681907 0.758152 0.016596 0.012504
0 0.586091 0.715642 0.020701 0.013605
0 0.306355 0.683181 0.021905 0.013856
0 0.645973 0.681555 0.021953 0.012973
0 0.402675 0.685029 0.017143 0.012883
0 0.413900 0.746375 0.021768 0.013673
0 0.674689 0.334279 0.020443 0.015185
0 0.773914 0.611696 0.024254 0.013940
0 0.367175 0.681717 0.021086 0.013249
0 0.332952 0.486488 0.018326 0.017323
0 0.585904 0.682772 0.020854 0.013234
0 0.358502 0.693313 0.016366 0.012582
0 0.681632 0.684532 0.016619 0.012659
0 0.472107 0.356625 0.023562 0.014176
0 0.685968 0.289462 0.023313 0.014279
0 0.412913 0.519460 0.011184 0.011800
0 0.691907 0.306542 0.010994 0.011312
0 0.402996 0.784074 0.017427 0.013225
0 0.355049 0.726955 0.017281 0.012657
0 0.692467 0.671977 0.022185 0.013644
0 0.238724 0.652416 0.022533 0.013376
0 0.576225 0.694094 0.016634 0.012760
0 0.519122 0.663738 0.016784 0.013003
0 0.685927 0.357168 0.024184 0.013404
0 0.574427 0.728475 0.017292 0.013002
0 0.350518 0.493093 0.017083 0.012653
0 0.751514 0.357275 0.025313 0.013857
0 0.629427 0.492464 0.016964 0.012862
0 0.227927 0.664367 0.017026 0.012591
0 0.313390 0.660879 0.012741 0.011658
0 0.495166 0.611995 0.023757 0.014146
0 0.346009 0.641886 0.017333 0.016392
0 0.720493 0.534255 0.018579 0.012961
0 0.530627 0.651792 0.021902 0.013532
0 0.406595 0.493545 0.022938 0.012187
0 0.402864 0.758842 0.016878 0.012780
0 0.692802 0.745883 0.022275 0.013731
0 0.227841 0.787818 0.015420 0.011863
0 0.674265 0.300531 0.016933 0.013233
0 0.294744 0.728507 0.017024 0.013260
0 0.412623 0.218378 0.011046 0.011734
0 0.353583 0.340518 0.017618 0.013359
0 0.532283 0.777782 0.017519 0.011617
0 0.612042 0.485613 0.018380 0.017261
0 0.306333 0.716429 0.021983 0.013898
0 0.692162 0.516898 0.011424 0.011565
0 0.413105 0.307112 0.010630 0.011085
0 0.693294 0.771202 0.021162 0.013649
0 0.634932 0.726436 0.016416 0.012616
0 0.407079 0.289990 0.023154 0.014736
0 0.372874 0.660633 0.010595 0.011372
0 0.686559 0.491539 0.020606 0.012311
0 0.618168 0.329457 0.019319 0.014101
0 0.238400 0.774726 0.020646 0.011802
0 0.589656 0.338929 0.016595 0.012540
0 0.591392 0.660677 0.010985 0.011414
0 0.651993 0.660391 0.010647 0.011550
0 0.632402 0.339441 0.018477 0.013047
0 0.694017 0.621946 0.019223 0.012306
0 0.536128 0.754754 0.010182 0.011710
0 0.412934 0.672707 0.022942 0.013300
0 0.411801 0.237965 0.010772 0.011198
0 0.575041 0.330088 0.020383 0.016427
0 0.691292 0.237271 0.010407 0.011113
0 0.296767 0.694051 0.016496 0.012674
0 0.485555 0.623718 0.016434 0.013029
0 0.407087 0.357409 0.024406 0.014878
0 0.244257 0.754780 0.011402 0.011760
0 0.624617 0.641362 0.018217 0.016837
0 0.640308 0.650018 0.016682 0.012494
0 0.414234 0.771702 0.021002 0.013170
0 0.414780 0.622302 0.019734 0.012083
0 0.306310 0.519460 0.010806 0.011808
0 0.461751 0.368751 0.016856 0.012583
0 0.395156 0.301148 0.017150 0.013247
0 0.636342 0.693239 0.016483 0.012674
0 0.364591 0.648608 0.017190 0.012251
0 0.693009 0.217784 0.013599 0.011856
0 0.397006 0.368681 0.016858 0.012504
0 0.740238 0.369163 0.016249 0.012983
0 0.675137 0.367580 0.016877 0.012851
0 0.295929 0.331596 0.020168 0.017968
0 0.441923 0.534794 0.017469 0.011852
0 0.765944 0.623843 0.016937 0.012569
0 0.691340 0.252075 0.009698 0.011388
0 0.339191 0.331073 0.018317 0.015991
0 0.307357 0.340013 0.023718 0.013181
0 0.585520 0.518748 0.010770 0.011864
0 0.411967 0.252860 0.010316 0.011228
0 0.413633 0.191515 0.022790 0.022747
0 0.692810 0.190781 0.020891 0.024215
0 0.407460 0.563543 0.052227 0.015409
0 0.473931 0.522451 0.031336 0.038891
0 0.305380 0.564277 0.058874 0.013942
0 0.581709 0.564644 0.051277 0.017611
0 0.685688 0.563543 0.052227 0.015409
0 0.718449 0.397708 0.034185 0.033020
0 0.439746 0.397708 0.035135 0.033020
0 0.753583 0.524653 0.036084 0.035955
0 0.490786 0.819771 0.591115 0.036689
