0 0.632258 0.434949 0.036000 0.045474
0 0.630551 0.349198 0.035140 0.044684
0 0.604722 0.738426 0.035069 0.042375
0 0.345837 0.437217 0.035218 0.044099
0 0.345944 0.349465 0.036167 0.045333
0 0.388224 0.430840 0.013993 0.017538
0 0.587660 0.429300 0.013666 0.016970
0 0.239431 0.513388 0.014265 0.018023
0 0.388302 0.342364 0.015055 0.017040
0 0.720376 0.209589 0.014171 0.017491
0 0.204067 0.513305 0.014441 0.018470
0 0.252781 0.231343 0.014508 0.017915
0 0.604681 0.649097 0.012445 0.016313
0 0.782551 0.515355 0.013843 0.017787
0 0.248126 0.738255 0.030955 0.029884
0 0.524653 0.739345 0.013964 0.017529
0 0.310730 0.217507 0.017722 0.048839
0 0.340278 0.216561 0.017199 0.046822
0 0.281161 0.209024 0.014226 0.017634
0 0.473217 0.362225 0.013819 0.017412
0 0.751176 0.231452 0.014500 0.017186
0 0.512298 0.619379 0.013214 0.017344
0 0.183599 0.739052 0.014757 0.018191
0 0.697213 0.217258 0.017304 0.047812
0 0.524549 0.712107 0.013433 0.016807
0 0.817459 0.629692 0.014800 0.038717
0 0.750135 0.516500 0.012280 0.017714
0 0.500158 0.362135 0.013691 0.017608
0 0.558045 0.343072 0.017369 0.045306
0 0.839256 0.341930 0.014141 0.016788
0 0.677604 0.729809 0.013778 0.018601
0 0.585526 0.343180 0.013405 0.016648
0 0.817244 0.677275 0.014365 0.037751
0 0.810317 0.331988 0.015148 0.036367
0 0.388230 0.402274 0.013242 0.016706
0 0.192479 0.287312 0.015778 0.036083
0 0.585612 0.314453 0.012899 0.016182
0 0.587593 0.400812 0.013307 0.016397
0 0.557844 0.429176 0.016561 0.043561
0 0.839268 0.332205 0.014974 0.035784
0 0.388136 0.314424 0.012988 0.016391
0 0.539214 0.619286 0.014022 0.017721
0 0.192295 0.331190 0.014654 0.035631
0 0.810659 0.208909 0.014016 0.017699
0 0.256452 0.513278 0.012693 0.017075
0 0.793016 0.208829 0.014047 0.017888
0 0.423537 0.431088 0.017525 0.044913
0 0.349605 0.726402 0.016233 0.044120
0 0.604897 0.619272 0.011994 0.015419
0 0.200512 0.208943 0.014081 0.017724
0 0.217991 0.209070 0.014321 0.018146
0 0.350475 0.624719 0.019732 0.024673
0 0.422153 0.344634 0.018058 0.042892
0 0.623027 0.627223 0.018840 0.023399
0 0.284362 0.443732 0.021356 0.042756
0 0.220593 0.513193 0.012123 0.017391
0 0.548222 0.712109 0.013321 0.016737
0 0.548126 0.739320 0.013708 0.017256
0 0.693784 0.351273 0.021827 0.054311
0 0.256432 0.352237 0.021338 0.055683
0 0.284081 0.353439 0.022402 0.051401
0 0.256521 0.439342 0.019573 0.051408
0 0.722367 0.437230 0.021673 0.054382
0 0.350361 0.651387 0.020598 0.026923
0 0.735755 0.516456 0.012435 0.017573
0 0.313106 0.350947 0.021598 0.056000
0 0.663892 0.351245 0.020986 0.055387
0 0.720274 0.351856 0.021562 0.055750
0 0.604842 0.602865 0.011136 0.013246
0 0.313073 0.438354 0.021161 0.052595
0 0.221167 0.639463 0.024344 0.059143
0 0.622471 0.653645 0.018609 0.024481
0 0.644077 0.641591 0.015867 0.056246
0 0.660635 0.640698 0.015867 0.058032
0 0.678227 0.641145 0.015178 0.058924
0 0.696164 0.642037 0.015178 0.057139
0 0.714101 0.641145 0.015178 0.057139
0 0.731348 0.640698 0.013798 0.058032
0 0.748940 0.640698 0.017247 0.059817
0 0.241184 0.638466 0.014488 0.058924
0 0.258776 0.638466 0.015178 0.060710
0 0.276023 0.639359 0.016557 0.057139
0 0.293270 0.638913 0.016557 0.059817
0 0.311207 0.638913 0.017937 0.058032
0 0.328799 0.638913 0.018627 0.059817
0 0.668278 0.217333 0.018598 0.051071
0 0.838835 0.287483 0.016784 0.041092
0 0.810031 0.288070 0.019959 0.039918
0 0.666236 0.440403 0.020866 0.056942
0 0.696175 0.439523 0.021773 0.056355
0 0.370255 0.615631 0.014062 0.031699
0 0.370935 0.646449 0.015423 0.031112
0 0.325120 0.725698 0.017237 0.047549
0 0.162721 0.629477 0.018627 0.045533
0 0.163411 0.679027 0.022766 0.037497
0 0.161686 0.288876 0.017937 0.037497
0 0.163066 0.331730 0.016557 0.037497
