0 0.809501 0.473538 0.019182 0.042610
0 0.658867 0.473371 0.018281 0.041616
0 0.318284 0.257632 0.018641 0.041978
0 0.335997 0.330937 0.018901 0.042229
0 0.639258 0.330548 0.019676 0.042963
0 0.530074 0.378756 0.032517 0.022789
0 0.578322 0.332368 0.018784 0.042066
0 0.223655 0.331267 0.032775 0.023117
0 0.658429 0.543261 0.021673 0.029382
0 0.809865 0.543381 0.021480 0.029261
0 0.444609 0.526052 0.017942 0.042288
0 0.371873 0.759076 0.032808 0.023177
0 0.383516 0.331904 0.032517 0.022894
0 0.268367 0.721157 0.018034 0.041085
0 0.529986 0.332003 0.032740 0.023072
0 0.371774 0.707293 0.032948 0.023358
0 0.537709 0.759128 0.032517 0.022989
0 0.383478 0.378733 0.032321 0.022904
0 0.608233 0.291661 0.033134 0.023152
0 0.267390 0.484900 0.021914 0.046101
0 0.537629 0.707433 0.032842 0.023486
0 0.247208 0.197065 0.033074 0.023729
0 0.626488 0.220294 0.032784 0.022963
0 0.238977 0.746969 0.032747 0.022829
0 0.247338 0.244111 0.033044 0.023035
0 0.238922 0.696608 0.033144 0.022981
0 0.464707 0.525866 0.017827 0.042336
0 0.337894 0.533606 0.049314 0.164297
0 0.182083 0.680931 0.050363 0.092332
0 0.576594 0.529533 0.060855 0.158866
